0.03762679999999996 4263.80225
0.040426199999999746 4263.80225
0.04306639999999984 4263.80225
0.04570039999999942 4263.80225
0.04842189999999924 4263.80225
0.051044499999999715 4263.80225
0.07506459999999926 4263.80225
0.07801809999999954 4264.03711
0.10090929999999965 4265.19629
0.12478049999999996 4265.65332
0.14922259999999987 4264.94043
0.19602139999999935 4263.76025
0.19831729999999936 4262.8374
0.22182179999999985 4262.76563
0.2457811999999997 4262.75439
0.26977159999999945 4262.06445
0.29423449999999995 4261.88721
0.34099969999999935 4262.28467
0.3432807999999996 4262.18164
0.36685009999999973 4261.85693
0.4137329999999997 4261.75732
0.41587059999999987 4262.48291
0.4392988999999998 4263.64063
0.4634159999999996 4263.85693
0.48752309999999976 4263.26074
0.5117089999999997 4262.67969
0.5585241999999999 4262.854
0.5615131999999994 4263.39551
0.5844244999999999 4263.65527
0.6312942999999995 4263.8833
0.6553217999999994 4264.02148
0.6580029999999999 4263.69922
0.6811257 4262.88379
0.7054834999999997 4262.28125
0.7294332999999993 4262.70654
0.7762086999999998 4264.33008
0.8006862999999997 4265.98877
0.8246040999999993 4266.34033
0.8269164999999994 4265.37012
0.8501971999999993 4264.32959
0.8744014 4264.05713
0.8987520999999994 4263.95313
0.9227586999999993 4263.99268
0.9467016999999993 4264.23096
0.9941548999999998 4264.14014
1.0183708999999999 4263.8335
1.0214741999999992 4263.37109
1.0669308999999991 4263.15869
1.0912132999999997 4263.91943
1.0942466999999994 4265.30029
1.1168161999999997 4266.14893
1.1409140999999998 4265.56006
1.1652532999999998 4264.23779
1.2123887999999994 4263.32324
1.2366433999999993 4263.25928
1.2608791999999989 4264.1001
1.2850944999999987 4264.67627
1.3092733999999995 4264.5752
1.3123733999999994 4264.46533
1.3350128000000003 4264.17822
1.3590118999999996 4263.62598
1.3836978999999987 4263.04053
1.4302421 4262.99121
1.4333476999999997 4263.98877
1.4561514999999998 4265.30518
1.503099399999999 4265.61914
1.527075899999999 4264.85889
1.5299281000000002 4264.19775
1.552616099999999 4264.18408
1.5767002000000003 4264.3252
1.6010726999999987 4264.31396
1.647975399999999 4264.20947
1.6720167999999989 4263.5791
1.6747422999999992 4262.89063
1.7206725999999994 4262.58301
1.7233808000000002 4262.05957
1.7461482999999989 4261.93896
1.7703949999999997 4262.67578
1.7945960999999988 4263.91602
1.8185381999999999 4264.82227
1.8656099 4264.71729
1.8681232000000003 4264.43262
1.9141629 4264.45068
1.9173657999999998 4264.94482
1.9401067999999997 4265.66895
1.9642401999999999 4265.58838
1.9882014999999997 4264.65283
2.012598999999999 4263.69971
2.0366197 4263.2832
2.083642199999999 4263.31885
2.086605099999999 4263.58691
2.1092851 4263.99072
2.156012099999999 4264.58252
2.1590672999999994 4264.8916
2.1818666999999996 4264.48828
2.2061538 4264.34033
2.230154099999999 4264.89355
2.2544657999999993 4265.43604
2.3010453999999987 4265.77051
2.303677699999999 4265.13867
2.3269487 4263.61768
2.3742452999999992 4262.9585
2.3984737999999988 4263.03223
2.4015084 4262.67676
2.4240994000000002 4262.40967
2.448109399999999 4262.70117
2.4727226999999994 4262.95752
2.5196964999999993 4263.02881
2.522775 4262.81885
2.5453310999999994 4262.84082
2.5919154000000004 4263.73828
2.595016199999999 4264.69189
2.6178301 4264.98877
2.642092599999999 4264.62891
2.6662273 4264.06836
2.6903356999999994 4263.7793
2.737094699999999 4263.85303
2.7402816000000003 4264.0791
2.7628733999999993 4263.91162
2.8100873999999996 4263.44434
2.8341468999999995 4263.16309
2.8369039999999996 4263.3291
2.8598042999999995 4263.56592
2.8840513000000003 4263.70557
2.9081444000000003 4264.6709
2.9551965000000004 4265.85107
2.9793022000000002 4266.02881
2.9820801 4265.32666
3.0280025999999998 4264.13086
3.0519477000000004 4263.54883
3.054755599999999 4263.96729
3.0778021000000004 4264.54346
3.1018345 4264.72412
3.1260117999999997 4264.38281
3.173013 4264.12256
3.1971792999999993 4264.04004
3.2003046 4263.64063
3.245605199999999 4263.50488
3.269713499999999 4264.52148
3.2727364999999997 4265.84912
3.2955984999999997 4265.77734
3.3200648 4264.28662
3.3441169000000004 4263.08594
3.368664699999999 4263.25586
3.3926401000000004 4263.91797
3.4170049999999987 4264.19873
3.4637111999999997 4264.07568
3.4878068000000004 4263.51074
3.5120063999999998 4262.97363
3.5150026 4262.97461
3.5377281 4262.74561
3.5620059 4262.70361
3.6086653999999987 4264.26025
3.6113831000000003 4265.9375
3.6341677 4265.9707
3.6813247000000002 4264.95996
3.6843651 4264.03857
3.7070014000000002 4264.14893
3.731094399999999 4264.93896
3.755099499999999 4265.11572
3.779666999999999 4265.03955
3.826542899999999 4264.85693
3.8506048 4264.48486
3.8536402 4264.67578
3.8994606999999997 4264.56006
3.9235870999999998 4264.22461
3.9265991 4265.05176
3.9495028999999997 4266.46191
3.973625899999999 4267.18164
3.997599499999999 4266.66211
4.044314299999999 4265.26709
4.0473849 4264.21094
4.0703618 4264.47412
4.1175104 4265.21826
4.1417311 4265.16357
4.1447297999999995 4264.43262
4.1675303 4263.72412
4.191707 4263.56982
4.216152699999999 4263.70703
4.2407332 4263.78467
4.2646582 4264.24561
4.289017199999999 4265.22754
4.3354902 4265.93994
4.3386804 4266.05664
4.361426499999999 4265.61816
4.385704 4264.86914
4.409634099999999 4264.7002
4.4339296 4265.03662
4.480550399999999 4265.11133
4.484074199999999 4264.58936
4.506415 4263.76221
4.5532481 4263.35303
4.577283 4263.6626
4.5803609 4264.47998
4.6257902 4264.98584
4.6286832 4265.17627
4.651556799999999 4265.56104
4.698983899999999 4265.53955
4.723054199999999 4265.04053
4.726085799999999 4264.56982
4.771367499999999 4264.6377
4.774367299999999 4265.24951
4.7975813 4265.26367
4.8215692 4264.23633
4.8455418 4263.05566
4.8699916 4262.93506
4.916655699999999 4263.92432
4.919766399999999 4264.57031
4.9424365 4264.3999
4.989535299999999 4264.13232
5.013505599999999 4264.33008
5.016148799999999 4265.24902
5.0393871 4265.96875
5.063384699999999 4265.73682
5.0879325 4265.78174
5.112580199999999 4266.41846
5.1365808 4266.06299
5.160576999999999 4264.43604
5.2076576 4262.79834
5.2106957 4262.21875
5.2336935 4262.54541
5.2576765 4263.08105
5.2820913 4263.67676
5.306168199999999 4263.88623
5.3534637 4263.57715
5.3774907999999995 4263.45654
5.3801222 4263.86768
5.426009399999999 4264.68896
5.4501464 4265.41357
5.4532237 4265.93701
5.4988491 4266.06348
5.522996699999999 4265.55957
5.5259913 4264.79053
5.5711807 4264.41357
5.5954261 4265.22412
5.5987169 4266.47363
5.6440686 4266.67529
5.668179299999999 4265.44434
5.6712204 4264.14307
5.693991099999999 4264.28516
5.7181603999999995 4265.45996
5.7421339 4266.48047
5.789154599999999 4266.79053
5.792152899999999 4266.5542
5.815337499999999 4265.95557
5.861942699999999 4265.40527
5.864362899999999 4264.72607
5.887545199999999 4263.97705
5.911579499999999 4264.1084
5.935688 4264.49463
5.9602198 4264.52295
6.0071082 4263.95264
6.031221599999999 4263.00098
6.0553102999999995 4263.35156
6.079448 4264.79004
6.0824612 4265.91064
6.1052647 4266.41602
6.1294102 4266.47656
6.1533998 4266.16748
6.1776814 4265.30322
6.2242772 4264.38965
6.227081899999999 4264.09229
6.250191499999999 4264.5708
6.297037499999999 4265.37842
6.3210869999999995 4265.72168
6.324079199999999 4265.02344
6.347147199999999 4263.67334
6.37145 4263.37598
6.3954408 4264.54492
6.4426006 4265.93066
6.445584899999999 4266.72168
6.4683687999999995 4267.02588
6.515441999999999 4267.11133
6.5394841 4266.28662
6.5424012 4264.93555
6.5652593999999995 4264.4668
6.5892755 4264.89648
6.613364699999999 4265.59619
6.660354899999999 4265.49316
6.6633582 4264.24463
6.6862635 4262.8125
6.733183399999999 4262.51855
6.7572404 4263.60693
6.7602132 4264.61963
6.7829863999999995 4264.67432
6.807371899999999 4264.4751
6.8310679 4264.72266
6.8785382 4264.89111
6.9034056999999995 4264.81494
6.9507278 4265.50439
6.953715999999999 4266.43311
6.9766728 4266.55908
7.0010792 4265.70996
7.025078 4265.01221
7.0493081 4265.04443
7.0961153999999995 4265.63184
7.0991308 4265.94922
7.121989 4266.37354
7.1689850999999996 4266.56348
7.1930767 4266.19336
7.196072699999999 4265.93115
7.219107499999999 4265.4541
7.2430344 4264.91504
7.267496199999999 4264.49707
7.3147104 4264.49756
7.3390958 4264.66943
7.342258999999999 4264.11963
7.387357599999999 4263.40723
7.3904784 4263.21094
7.413044999999999 4264.07715
7.437201299999999 4265.30029
7.461727899999999 4265.44629
7.486213499999999 4265.00732
7.5330041 4264.43359
7.557127199999999 4264.1748
7.560073799999999 4264.54297
7.6056333 4265.10547
7.6298442 4265.60889
7.633123 4265.7207
7.6555227 4265.52979
7.680019799999999 4264.95654
7.704104799999999 4264.18457
7.750730199999999 4264.2876
7.753358899999999 4265.14355
7.7762261 4265.74707
7.823429499999999 4265.94238
7.826220799999999 4265.53857
7.8493419 4264.94141
7.873309399999999 4265.4751
7.8980431 4266.51367
7.9221224 4266.77295
7.9688486 4266.45313
7.9929827 4265.60596
7.9959789 4264.91113
8.041478299999998 4264.80029
8.0444849 4264.38965
8.067108699999999 4263.92578
8.091221099999999 4264.30029
8.1151339 4265.12646
8.139671100000001 4265.39551
8.1869506 4265.05127
8.211092 4264.76221
8.214507000000001 4265.20654
8.2593681 4266.13135
8.262440299999998 4266.48682
8.2852082 4265.9541
8.3097894 4265.20752
8.3340843 4265.05859
8.3581429 4265.01367
8.404761999999998 4264.81396
8.407834999999999 4264.96094
8.430561999999998 4265.32227
8.4774666 4265.90283
8.479804299999998 4266.21045
8.503040500000001 4265.68457
8.527153299999998 4265.08887
8.551572499999999 4265.47461
8.575664799999998 4266.44922
8.6002555 4266.95068
8.624296999999999 4266.96582
8.648643400000001 4266.53564
8.695418700000001 4265.65771
8.6978577 4265.13477
8.7212226 4264.95996
8.745595899999998 4264.46094
8.7696793 4264.18066
8.793842699999999 4264.41699
8.8410185 4264.46387
8.865366899999998 4264.34131
8.867578299999998 4264.01123
8.913836400000001 4263.74219
8.916950499999999 4264.50098
8.939695699999998 4265.75146
8.9637928 4266.4458
8.9879469 4265.81104
9.011979 4264.396
9.058837399999998 4263.9668
9.061829799999998 4264.36133
9.084664799999999 4264.69629
9.131507799999998 4264.89795
9.1556602 4265.1499
9.1587043 4265.12695
9.1813265 4264.55957
9.2055751 4263.99316
9.2294925 4264.08496
9.276641099999999 4265.3501
9.2799804 4266.82666
9.3025588 4267.18262
9.3494417 4266.29736
9.3735267 4264.81543
9.3767937 4264.42627
9.3995082 4265.09424
9.423830500000001 4265.42871
9.4479441 4265.47119
9.494803300000001 4265.04346
9.497847499999999 4264.5376
9.520521200000001 4264.48096
9.5671931 4264.36963
9.570235 4264.1875
9.5931548 4264.62891
9.617110799999999 4265.82764
9.6415154 4266.30664
9.6657419 4265.72852
9.7128428 4264.86719
9.737041399999999 4264.55029
9.761152899999999 4265.53467
9.785287199999999 4266.6875
9.788575999999999 4266.81201
9.8112618 4266.17383
9.835233900000002 4265.72754
9.8595176 4265.48535
9.884030800000001 4265.12451
9.9084227 4265.08057
9.933134800000001 4265.74805
9.956783900000001 4266.9165
10.003466800000002 4267.53223
10.006004400000002 4267.00342
10.029073700000001 4265.69141
10.053387 4264.97656
10.077432600000002 4265.58203
10.101537 4266.2998
10.149069 4266.02686
10.151622 4264.89453
10.1746345 4263.74756
10.221186 4263.18115
10.2238628 4263.09033
10.247028400000001 4263.25586
10.270945900000001 4263.65918
10.295317100000002 4264.45264
10.319607600000001 4265.1875
10.366374400000002 4265.15674
10.390598 4264.80615
10.3935627 4264.52734
10.4390706 4264.49365
10.442101700000002 4264.97021
10.465061900000002 4265.35742
10.488980300000001 4265.23389
10.513622600000001 4265.22217
10.537503000000001 4265.84082
10.584081399999999 4266.20508
10.586367800000001 4265.67822
10.610037000000002 4265.22607
10.656938499999999 4265.48779
10.659251600000001 4266.20703
10.682642600000001 4266.85205
10.7066652 4266.88379
10.7305727 4266.31982
10.7551791 4266.38037
10.802034899999999 4267.14795
10.8043631 4267.0918
10.8274318 4266.15137
10.8745671 4265.27002
10.876807500000002 4265.21094
10.900472100000002 4265.44043
10.924362200000001 4265.0957
10.9490981 4265.00586
10.973193600000002 4265.56982
11.0201056 4265.91016
11.0231432 4265.73389
11.0460065 4265.55664
11.0928842 4265.57373
11.0953573 4266.14453
11.118404600000002 4267.1499
11.1427309 4267.27295
11.1671537 4266.41943
11.1911603 4265.61914
11.2380022 4265.60107
11.262056099999999 4266.26416
11.265052700000002 4266.58154
11.3108204 4266.17188
11.3349586 4265.62744
11.3379634 4265.354
11.3607278 4265.48438
11.3849595 4265.80322
11.408961399999999 4266.20801
11.456172800000001 4267.08398
11.480272500000002 4267.59229
11.482915000000002 4266.54053
11.528819900000002 4265.28857
11.5529118 4264.89648
11.5553502 4264.98047
11.578774 4265.19824
11.6026949 4264.53125
11.627143199999999 4263.61182
11.673926000000002 4263.25488
11.6764668 4262.84717
11.699566700000002 4262.78516
11.746585800000002 4263.28467
11.7490192 4263.96631
11.7721263 4264.95654
11.7964908 4265.91357
11.8203401 4265.70166
11.8444705 4264.6665
11.891382100000001 4264.81641
11.894452700000002 4265.63135
11.917241 4265.9126
11.9640448 4265.95508
11.988233400000002 4265.79883
11.991275300000002 4265.61279
12.0139593 4265.13037
12.0380568 4264.51611
12.0625018 4264.74463
12.109621400000002 4265.99268
12.1336886 4267.32764
12.136707099999999 4267.86963
12.1826306 4267.25439
12.2066576 4265.76514
12.2093722 4264.88379
12.232115400000001 4265.31689
12.256544900000002 4266.07275
12.280522099999999 4266.12451
12.3276453 4265.34424
12.3304629 4264.36963
12.353670400000002 4263.77197
12.400578800000002 4264.19092
12.4031129 4265.04004
12.426248700000002 4265.49072
12.4502153 4266.14355
12.474204100000001 4266.48633
12.4987597 4265.97949
12.5474305 4265.19873
12.5712641 4264.52539
12.618688900000002 4265.38037
12.621158000000001 4266.22461
12.644211000000002 4265.62354
12.668135800000002 4264.24854
12.6927487 4263.6958
12.7169806 4264.01953
12.763653900000001 4264.47021
12.766019199999999 4264.69287
12.7895198 4265.21582
12.836631400000002 4266.12158
12.8389955 4266.08887
12.862167 4265.40479
12.8862348 4265.30713
12.9101948 4265.64209
12.934840000000001 4266.2334
12.981593100000001 4266.84033
12.9840539 4266.35156
13.007225300000002 4265.36914
13.0539856 4265.25977
13.056451200000001 4265.36572
13.0803701 4265.36914
13.1039676 4265.26025
13.128020800000002 4265.4707
13.151975 4266.17236
13.1992862 4266.17578
13.2018937 4265.66943
13.225154800000002 4265.55762
13.2500341 4265.91309
13.2736819 4266.44189
13.297709000000001 4266.71484
13.322229700000001 4266.12793
13.346250999999999 4264.83789
13.3706533 4264.18115
13.3952365 4264.60791
13.419253600000001 4265.43945
13.4432091 4265.70703
13.4904352 4265.43213
13.4928596 4265.47021
13.5161218 4265.73682
13.539985399999999 4266.18994
13.564637099999999 4266.40137
13.588512600000001 4266.13477
13.635613200000002 4266.29199
13.6379756 4266.51123
13.6615438 4265.7373
13.708396100000002 4264.54883
13.7325917 4264.10303
13.757024600000001 4264.51318
13.781023099999999 4265.31299
13.805444900000001 4265.88037
13.807777399999999 4265.74463
13.853837900000002 4265.34521
13.877651100000001 4265.25635
13.879891 4265.64307
13.9265276 4265.95166
13.950360800000002 4265.79883
13.952635 4265.87207
13.976124000000002 4266.23877
14.0003314 4266.33887
14.024635499999999 4265.45752
14.0714732 4264.48584
14.073855300000002 4264.65625
14.096939500000001 4265.25146
14.1439846 4265.64648
14.146514800000002 4265.31104
14.169662800000001 4264.49072
14.193631200000002 4264.57666
14.217957300000002 4265.85254
14.2419266 4266.98438
14.266692200000001 4267.15625
14.2904598 4267.15234
14.314685700000002 4266.89209
14.3616377 4265.68896
14.386082000000002 4264.06836
14.4102924 4262.82031
14.412540800000002 4262.60059
14.4356628 4262.99707
14.459955400000002 4263.1377
14.5066636 4262.95215
14.508995600000002 4262.53662
14.5325186 4262.70313
14.579348200000002 4263.59082
14.5818281 4264.64453
14.6048592 4265.58545
14.6293365 4265.86035
14.653523 4265.43896
14.677609400000001 4264.54492
14.7246576 4263.88379
14.7270656 4264.13916
14.750023500000001 4265.2207
14.797313800000001 4266.22119
14.821229599999999 4266.07861
14.8234259 4264.74414
14.847009800000002 4263.57764
14.87098 4263.87988
14.894990100000001 4264.84326
14.9422459 4265.94141
14.944623400000001 4266.8667
14.967658 4266.56152
15.0146451 4265.82227
15.0175466 4265.41602
15.040473600000002 4265.09863
15.064499999999999 4265.03662
15.088432300000001 4265.21436
15.1130025 4265.67139
15.160006899999999 4265.44775
15.162326700000001 4264.2002
15.1858471 4263.57031
15.2322366 4264.05371
15.234498000000002 4264.83545
15.258181700000002 4265.37939
15.282335500000002 4265.89209
15.3068277 4266.44336
15.330741500000002 4266.57324
15.377940800000001 4265.96191
15.402448200000002 4264.97949
15.426422900000002 4264.66553
15.428909700000002 4265.18701
15.452251100000002 4265.69629
15.4765448 4265.53564
15.500856200000001 4264.71875
15.5248205 4263.87402
15.5495551 4263.81641
15.596427300000002 4264.50244
15.5987516 4265.55469
15.621787399999999 4266.66162
15.6692104 4266.78613
15.6714393 4266.3125
15.694652999999999 4266.04102
15.7188209 4265.58545
15.7432516 4265.60645
15.7672037 4266.0957
15.8143089 4266.41455
15.8168146 4266.45264
15.840206600000002 4265.77979
15.8869929 4264.9751
15.889356500000002 4264.80518
15.913177700000002 4265.521
15.936734699999999 4266.3208
15.960650300000001 4266.11133
15.9852481 4265.74023
16.0320404 4265.88086
16.0346719 4266.18994
16.0576067 4266.06348
16.1042513 4265.5918
16.1066727 4265.8042
16.1302609 4266.20752
16.154485 4265.82568
16.179064 4264.89795
16.202482 4264.1665
16.2495161 4264.43652
16.2518408 4265.29248
16.2753361 4265.39648
16.3225667 4265.15527
16.3250451 4265.67139
16.3482566 4266.3877
16.372199900000002 4266.80176
16.3964367 4266.56152
16.4208345 4266.15869
16.445352800000002 4266.55664
16.4692021 4266.69727
16.4931997 4265.9082
16.540331300000002 4264.77686
16.5426243 4264.34717
16.5663109 4265.03564
16.5903734 4265.61963
16.6143908 4266.01514
16.6383331 4266.1875
16.6856997 4265.65723
16.6880946 4265.6582
16.7113261 4266.32764
16.7358433 4266.33545
16.759876000000002 4266.02441
16.7838489 4266.43994
16.8081771 4266.97266
16.8322392 4266.94531
16.8569496 4266.28467
16.9039252 4265.55664
16.9281222 4265.98877
16.931160900000002 4267.03955
16.976558 4267.12158
16.9797462 4266.24902
17.0021897 4265.55859
17.0263554 4265.75684
17.0505199 4266.81592
17.0748876 4267.79443
17.1218718 4267.78418
17.146022600000002 4267.39355
17.148310000000002 4266.80029
17.1941382 4266.11182
17.2181202 4265.67236
17.2207452 4265.45117
17.245759200000002 4266.13525
17.2679529 4266.8457
17.2925141 4266.50098
17.3396419 4265.67432
17.3419113 4265.10303
17.3651126 4265.53906
17.4120282 4266.53223
17.4365355 4267.0166
17.4387651 4267.06787
17.4620049 4266.94189
17.4864991 4266.55811
17.5104311 4266.09912
17.5577821 4265.57373
17.5817023 4264.77344
17.584202 4264.7373
17.630297 4265.78369
17.654488 4266.06836
17.6568871 4264.99268
17.6801486 4264.04004
17.704134500000002 4264.12158
17.728808700000002 4264.99072
17.7756642 4266.23047
17.7781251 4267.10889
17.801490700000002 4266.94434
17.8478733 4266.34375
17.8499589 4265.81348
17.8738521 4265.09814
17.920597400000002 4264.69287
17.922993 4264.96143
17.946584 4265.63184
17.9928842 4265.71387
17.9952854 4264.68799
18.0190807 4263.7915
18.0433876 4264.24854
18.0674077 4265.38965
18.0921375 4265.76465
18.115887100000002 4265.71631
18.140104100000002 4265.74902
18.1640912 4265.64404
18.1886425 4265.58301
18.2126677 4265.41553
18.2367117 4265.16748
18.2836259 4265.66455
18.2859322 4266.49756
18.3097179 4265.81689
18.3336862 4264.06152
18.3580932 4263.07813
18.382232600000002 4263.43018
18.4289501 4264.5835
18.4313838 4265.66504
18.4548651 4266.39453
18.5021311 4266.521
18.5050563 4266.29395
18.5281545 4266.38574
18.55206 4266.2417
18.5760942 4265.70996
18.6005982 4265.5127
18.6475811 4265.72266
18.6503752 4265.67529
18.6732016 4265.02344
18.719888700000002 4264.27686
18.7226126 4263.99121
18.7456766 4264.49121
18.7698878 4265.33936
18.7942659 4265.91943
18.8179026 4265.95068
18.8651165 4265.8623
18.8676948 4266.2417
18.8909871 4266.2583
18.9376406 4265.90967
18.939961 4266.08789
18.9630242 4266.24854
18.9875982 4265.9541
19.0123212 4265.63037
19.0359466 4265.36084
19.0605522 4264.96777
19.0843715 4265.14893
19.1084767 4265.43311
19.155569200000002 4264.88281
19.1579506 4264.40332
19.1812854 4264.30469
19.2054112 4265.08691
19.230482300000002 4266.45898
19.2537669 4266.85156
19.3011074 4266.73633
19.3251469 4266.63379
19.3494083 4266.0918
19.3517547 4265.47705
19.3748206 4265.13672
19.3989631 4264.81396
19.4234553 4264.98828
19.4475925 4265.65479
19.4718683 4265.27148
19.4962802 4264.42334
19.5202937 4264.72607
19.5442474 4265.79395
19.5913999 4266.78613
19.615712900000002 4266.99316
19.639525 4266.29736
19.6418211 4265.7583
19.6653622 4265.75342
19.6894967 4265.23486
19.7370123 4264.52979
19.739409600000002 4264.81836
19.7629108 4265.46924
19.7871262 4265.60547
19.8111962 4265.21582
19.8355341 4264.81104
19.8594924 4265.05762
19.8836768 4265.78223
19.9082254 4266.80029
19.9550867 4267.43164
19.9573991 4266.92383
19.9808144 4265.82275
20.0279563 4264.58301
20.0301031 4263.83984
20.0532674 4263.50391
20.0779647 4263.11768
20.1017827 4263.41602
20.125797000000002 4264.16504
20.1731619 4264.31006
20.1755117 4263.71289
20.198503900000002 4263.49658
20.245411 4264.54297
20.2693657 4266.27783
20.271735200000002 4267.30664
20.2954733 4266.78711
20.3193853 4265.43311
20.3438846 4264.7207
20.368410400000002 4264.91895
20.3924324 4264.80762
20.416459 4264.69824
20.4635287 4265.55859
20.4659333 4266.06641
20.4893189 4265.37109
20.5135924 4264.41602
20.5375072 4264.05859
20.5617635 4264.74854
20.608954400000002 4266.17969
20.6120277 4267.49219
20.6347767 4267.33398
20.6594745 4265.88379
20.6834242 4265.03125
20.7073744 4265.02979
20.7319498 4265.00928
20.7560262 4264.34521
20.7805642 4263.65869
20.8271137 4263.14307
20.8295494 4262.23389
20.8528283 4261.66943
20.899433000000002 4261.72119
20.9017475 4262.37988
20.925245 4263.66797
20.9491687 4264.89111
20.9737811 4265.05469
20.9981706 4264.17871
21.0450843 4263.5166
21.0474232 4263.77832
21.0704604 4264.33057
21.095162900000002 4264.41064
21.1190722 4264.37598
21.1433965 4264.13525
21.1674458 4263.71484
21.1914452 4263.56201
21.2160273 4263.31445
21.2407826 4263.36475
21.2871214 4264.55908
21.2893197 4266.10889
21.3360032 4266.48242
21.3383774 4265.83838
21.361369500000002 4265.0835
21.385716000000002 4264.94385
21.4103675 4265.81738
21.4340139 4266.51074
21.4810878 4266.17529
21.5052175 4265.25146
21.508185100000002 4264.55371
21.55376 4264.71289
21.5779811 4265.14209
21.602094700000002 4265.38574
21.626563400000002 4265.6377
21.65081 4266.38916
21.6538757 4267.16309
21.6992863 4267.09082
21.7234489 4266.66309
21.7266988 4266.08105
21.771864 4265.95605
21.7749183 4266.25488
21.7980132 4265.85303
21.8221379 4264.82471
21.846073 4263.99658
21.8701397 4264.23096
21.9178536 4264.97998
21.9418329 4265.20996
21.9444906 4265.33008
21.9677659 4265.85352
21.9917633 4266.5498
22.0157722 4266.96436
22.0400873 4266.93652
22.0643733 4266.53027
22.0884515 4266.68066
22.1130715 4267.68018
22.1371238 4267.84912
22.1610845 4266.66748
22.208090600000002 4265.03369
22.2325577 4264.07617
22.2348433 4264.54639
22.2581353 4265.69287
22.2824712 4266.13135
22.306447600000002 4265.47412
22.3540099 4264.74609
22.3781459 4264.9292
22.3804184 4265.59326
22.4265891 4265.81885
22.4506074 4265.87354
22.4750928 4266.46631
22.4990396 4266.72314
22.5013701 4266.16943
22.525061400000002 4265.25439
22.5496377 4264.48584
22.5736248 4264.88965
22.5976094 4265.64404
22.6446382 4265.71338
22.6470286 4265.33984
22.6706251 4264.76855
22.694995900000002 4264.49609
22.7191747 4265.20313
22.7431652 4266.36426
22.790466600000002 4266.86328
22.7956279 4266.84912
22.816065000000002 4266.52832
22.8633086 4265.99658
22.8659337 4265.37695
22.888898400000002 4264.94092
22.9129215 4264.98584
22.9370152 4265.32031
22.9615558 4265.64307
23.008643 4265.01611
23.0328455 4263.98438
23.0570017 4264.11279
23.0810475 4264.76904
23.0835677 4265.27881
23.1068369 4265.70361
23.1308505 4265.72559
23.1553946 4265.29053
23.1794125 4264.90088
23.2267595 4264.65137
23.2509844 4264.31104
23.2540361 4264.43994
23.2994573 4265.25146
23.3235908 4266.24219
23.326620600000002 4266.36377
23.3492503 4265.11865
23.3733822 4264.02783
23.3979921 4264.91357
23.4224001 4266.62793
23.468982 4267.3252
23.4720376 4267.54932
23.5176877 4266.8623
23.5418379 4265.45654
23.566116400000002 4265.02832
23.590306 4265.4541
23.593233 4265.72021
23.6159819 4265.38086
23.6626741 4265.23926
23.6659504 4265.37012
23.6886756 4264.95166
23.7355129 4264.16602
23.759504200000002 4263.91113
23.7619493 4265.05664
23.7855474 4266.50879
23.8100279 4267.03857
23.8339562 4266.80322
23.8586445 4266.09082
23.8826518 4265.92529
23.9067422 4266.42627
23.953748700000002 4266.63232
23.956733 4266.42139
23.9797749 4266.36621
24.003714000000002 4266.55176
24.028342600000002 4266.14111
24.0522614 4265.18066
24.0995806 4264.85303
24.123786 4265.55469
24.1268846 4266.99756
24.1722691 4268.37891
24.1964689 4268.03564
24.1994962 4266.43652
24.2221108 4265.70166
24.2460125 4265.73242
24.2706711 4265.73975
24.3177672 4265.52197
24.3419137 4264.67969
24.3449888 4263.65869
24.3904783 4263.07666
24.4146803 4262.87012
24.4176252 4262.82031
24.4403877 4263.25342
24.4645603 4264.66895
24.4890038 4266.08105
24.5355043 4266.33789
24.5386584 4265.60107
24.5614186 4265.10645
24.6084965 4265.50098
24.6339345 4266.5083
24.6584732 4266.07715
24.6824195 4265.76807
24.7067631 4266.01074
24.7314787 4265.99854
24.7554799 4265.82715
24.7797306 4265.85596
24.8264935 4266.30908
24.828876400000002 4267.1543
24.8520312 4267.59473
24.875973000000002 4267.28955
24.9006535 4266.78516
24.9247021 4266.71582
24.9714759 4267.14795
24.9737035 4267.13965
24.9973531 4266.00732
25.0442136 4265.08154
25.068397 4265.22754
25.070736 4265.63281
25.093988200000002 4265.77734
25.1179581 4265.7627
25.1424925 4266.30518
25.1892106 4267.06982
25.1915856 4267.11377
25.214902900000002 4266.62549
25.26218 4266.38037
25.286425 4266.77344
25.289518700000002 4267.0
25.3120962 4266.96729
25.3362165 4266.88525
25.360587700000004 4266.50391
25.4075754 4266.15625
25.4317439 4266.06104
25.434575799999998 4266.33984
25.4799766 4266.60742
25.482253 4266.83496
25.5058821 4267.09277
25.5298528 4267.17822
25.553856600000003 4267.28613
25.578224 4267.38281
25.6256803 4267.73975
25.649720100000003 4268.21875
25.6526426 4268.05078
25.698158499999998 4266.9292
25.7221767 4265.57227
25.724437 4265.16357
25.747557200000003 4265.43945
25.772086200000004 4265.28955
25.796337 4264.76221
25.8431354 4264.63086
25.846122299999998 4264.55322
25.8691223 4264.15576
25.916158700000004 4264.09326
25.940102099999997 4264.60742
25.942945899999998 4265.52246
25.966160199999997 4266.34082
25.990503699999998 4266.31104
26.014606399999998 4265.63184
26.039085800000002 4265.06494
26.063094200000002 4265.24072
26.087020700000004 4265.8291
26.134134699999997 4266.1709
26.1364291 4266.47266
26.159541400000002 4266.32715
26.1835527 4265.71729
26.2083077 4265.36523
26.2323259 4265.3584
26.279002400000003 4265.79688
26.281332300000003 4267.01123
26.304901 4268.13867
26.351970200000004 4267.61572
26.354288699999998 4266.24902
26.377499 4265.29883
26.401896 4264.9082
26.426147200000003 4264.98926
26.4502258 4265.08936
26.4748666 4265.04248
26.498834799999997 4264.57568
26.5228476 4264.39844
26.570097600000004 4264.6748
26.594135800000004 4264.75146
26.596272499999998 4265.12842
26.6196033 4265.81738
26.644048400000003 4266.73877
26.668329900000003 4267.09326
26.7149759 4266.05029
26.717169300000002 4265.06494
26.7429305 4265.22021
26.796698900000003 4265.81836
26.813472400000002 4266.4502
26.8380716 4266.14307
26.862332199999997 4265.80664
26.8863945 4265.70557
26.910877300000003 4265.6626
26.9349087 4265.99658
26.9593018 4266.79883
27.006055500000002 4267.78076
27.0083732 4268.20166
27.031649700000003 4267.32666
27.055609099999998 4265.85205
27.0800355 4265.26514
27.103980900000003 4265.91992
27.1513273 4266.34375
27.154493600000002 4265.53125
27.1772257 4264.18555
27.224013399999997 4263.25342
27.2481406 4263.25195
27.251117 4263.80127
27.2740546 4264.27002
27.2980575 4264.86523
27.3223785 4265.60791
27.3469939 4265.8833
27.370935099999997 4265.20996
27.394981200000004 4264.5752
27.442143800000004 4264.89258
27.466403900000003 4265.9751
27.4693654 4267.30664
27.492185900000003 4267.43799
27.5162195 4266.11523
27.540173000000003 4265.23389
27.5877371 4265.80127
27.611808500000002 4266.61865
27.6139955 4266.73193
27.660371400000002 4266.7251
27.6627035 4267.14453
27.6860924 4267.49414
27.710023200000002 4267.38623
27.7341658 4267.0083
27.7586133 4266.75781
27.8070169 4267.0083
27.8311474 4266.88623
27.877929199999997 4265.72266
27.902140000000003 4264.79883
27.904293799999998 4264.45801
27.927706399999998 4264.56592
27.9518377 4265.01318
27.9761497 4265.46338
28.0286842 4265.67969
28.0487239 4265.70654
28.0959894 4265.69287
28.119785 4266.27783
28.1443157 4267.19922
28.1683188 4267.82031
28.1928203 4267.80957
28.216815699999998 4267.00781
28.241456999999997 4265.97852
28.265554 4265.93896
28.268033100000004 4266.98389
28.313814800000003 4267.55908
28.3378801 4266.99756
28.361849300000003 4266.23438
28.3866721 4266.29297
28.4105336 4267.03906
28.434571400000003 4267.43555
28.4367212 4267.46631
28.4602826 4267.60986
28.4842716 4267.90723
28.5314823 4267.51514
28.555453 4266.12842
28.580013200000003 4265.36719
28.5821471 4265.4917
28.605839699999997 4265.65723
28.6302934 4265.90576
28.676723100000004 4265.74658
28.700722900000002 4265.03711
28.7028746 4264.72998
28.7493124 4265.05615
28.7743154 4265.49658
28.798099999999998 4266.02197
28.800271100000003 4266.63916
28.8237514 4267.00879
28.8478165 4266.69873
28.895748599999997 4265.89746
28.919497399999997 4265.37744
28.9437207 4265.81396
28.967864499999997 4267.16016
28.991965 4268.03467
28.9941253 4267.46924
29.0177664 4266.33643
29.041950900000003 4265.75439
29.065916800000004 4266.08154
29.090578 4266.72949
29.114502899999998 4267.40088
29.1387206 4268.06396
29.1856444 4267.98926
29.209625799999998 4267.36621
29.233762400000003 4266.34961
29.236013300000003 4265.32373
29.259866600000002 4265.375
29.2838269 4266.30176
29.3304155 4267.01172
29.354956899999998 4266.38379
29.3791759 4264.90674
29.4032853 4264.5791
29.405348000000004 4265.28516
29.428676799999998 4265.43506
29.4532392 4265.43506
29.4778727 4265.65918
29.5018752 4265.95557
29.5490451 4266.03662
29.5732335 4266.01416
29.576109700000003 4265.56982
29.6214571 4265.7207
29.6237815 4266.75391
29.6469698 4267.51123
29.6708961 4267.09131
29.6954845 4265.94775
29.720063000000003 4265.26611
29.767105800000003 4265.3125
29.7692426 4266.06787
29.792734699999997 4266.83496
29.839587899999998 4266.88037
29.842168200000003 4266.63721
29.864989100000003 4266.75879
29.8894534 4266.72021
29.913743600000004 4265.69678
29.9376537 4265.20117
29.9845743 4265.93457
30.008704700000003 4266.11377
30.0118771 4265.13477
30.0573804 4263.9375
30.060554600000003 4263.4502
30.083233 4264.01904
30.107500100000003 4265.16064
30.1315497 4265.89063
30.155528099999998 4265.98145
30.202564199999998 4265.72314
30.204898999999997 4265.70898
30.230553800000003 4265.93652
30.253110300000003 4265.64697
30.2858322 4265.896
30.301687800000003 4266.7251
30.3256265 4266.91553
30.349727899999998 4266.83887
30.374015300000003 4266.43848
30.420901100000002 4265.71631
30.445115299999998 4265.45703
30.4691113 4266.18604
30.4931696 4267.13916
30.5177482 4267.12939
30.5417711 4266.53467
30.5662187 4266.46973
30.5685055 4267.03223
30.5917235 4267.10303
30.638927799999998 4266.56982
30.663435300000003 4266.2959
30.6873609 4266.06006
30.711900800000002 4265.44092
30.7141461 4264.53857
30.737412400000004 4264.05371
30.761854900000003 4264.40918
30.785848299999998 4265.28564
30.8103836 4266.21533
30.8350249 4266.30029
30.8589902 4265.75293
30.8829772 4265.40527
30.9302075 4265.77344
30.9541526 4266.47705
30.978384499999997 4266.62402
30.980826300000004 4266.84277
31.0040001 4267.16357
31.0279831 4266.87598
31.0750613 4266.32617
31.077393 4266.14258
31.100978500000004 4266.28223
31.1479712 4266.28271
31.1503875 4266.60742
31.1735914 4266.86768
31.2011642 4266.44629
31.2218194 4266.06445
31.246604500000004 4266.3291
31.2929817 4266.99609
31.3171987 4266.97266
31.341288499999997 4266.70459
31.365325499999997 4266.49512
31.3675291 4266.07324
31.3911606 4265.92822
31.415383400000003 4265.41162
31.439866799999997 4265.14648
31.463838700000004 4266.13867
31.5109675 4266.89551
31.513262599999997 4266.37354
31.5363836 4265.18164
31.560968700000004 4264.66748
31.584963799999997 4265.58154
31.6091494 4266.79883
31.633311900000002 4267.17041
31.6574631 4266.71289
31.6814549 4266.1709
31.728268900000003 4266.25439
31.7305529 4266.51563
31.753593700000003 4266.375
31.8008313 4266.6377
31.803104500000003 4267.4585
31.8268239 4267.39209
31.8511795 4266.29736
31.875186900000003 4265.39453
31.899408100000002 4265.62061
31.9461023 4266.87549
31.9482608 4268.02002
31.971992800000002 4268.18115
32.018813800000004 4267.3501
32.021139500000004 4266.68457
32.0443071 4266.78809
32.0688611 4266.82373
32.0928355 4266.37988
32.117318 4266.30762
32.1643975 4266.98486
32.1887572 4266.96533
32.1910961 4266.28467
32.2368808 4265.39941
32.2608562 4264.59766
32.2848999 4265.03955
32.3094022 4265.90479
32.3337335 4266.2251
32.3358721 4266.13623
32.3818166 4265.83447
32.3839985 4265.77734
32.4078611 4265.98682
32.4547498 4265.98145
32.4788959 4266.28564
32.4812883 4267.36621
32.5043193 4267.81543
32.5283003 4266.77441
32.5528867 4265.70459
32.599992 4265.69336
32.6023485 4266.72363
32.6254363 4267.94385
32.6732318 4268.18359
32.6971291 4267.50391
32.721132 4266.57275
32.7233971 4266.58008
32.7469469 4267.17627
32.7711555 4266.9541
32.8179728 4266.52393
32.8420545 4266.63916
32.8664566 4266.34424
32.8687583 4265.14941
32.891875 4264.40234
32.9161577 4264.61621
32.9400798 4265.68262
32.9642813 4267.0459
32.9889582 4267.27051
33.0355383 4266.6958
33.0598417 4266.48242
33.0621599 4266.9126
33.1079311 4267.3291
33.1324294 4267.42725
33.134651 4267.63574
33.1579926 4267.81055
33.182019600000004 4267.73633
33.20631 4267.12842
33.2534191 4266.36328
33.2558628 4266.43457
33.2788532 4267.18555
33.3260647 4267.79004
33.3283749 4267.64258
33.351554900000004 4267.16553
33.3758912 4266.94678
33.4001138 4266.96338
33.4246376 4267.11865
33.4716126 4267.05762
33.4739791 4266.94873
33.4971938 4266.72021
33.5437948 4266.14355
33.5683577 4265.45068
33.5706721 4264.75146
33.594029 4264.95947
33.618003 4266.08008
33.6420063 4266.55762
33.689248400000004 4266.10107
33.691443 4265.60449
33.7152302 4265.59277
33.739818 4266.1333
33.7638427 4266.84131
33.7878033 4267.10547
33.812165300000004 4267.26953
33.8361602 4267.38037
33.8607297 4266.71631
33.8853204 4265.71924
33.909307 4265.42236
33.9337682 4265.84326
33.9805211 4266.48975
34.0044338 4267.31543
34.0067363 4267.39355
34.0300463 4266.71143
34.0541971 4266.82568
34.0781919 4267.53027
34.1255788 4268.04492
34.1495621 4268.01416
34.152367500000004 4267.42822
34.1978767 4267.01611
34.2005785 4266.53223
34.223698 4265.56104
34.247809000000004 4264.59375
34.2717889 4264.73682
34.2963375 4266.00635
34.3433223 4266.53076
34.345832800000004 4265.70898
34.3689181 4265.2627
34.4158294 4266.1792
34.4185489 4267.13379
34.4417938 4267.45215
34.4658785 4267.55811
34.4898192 4267.31982
34.5139875 4266.82422
34.5614253 4266.28906
34.5857816 4265.74658
34.610026500000004 4265.4751
34.6342053 4266.33594
34.6371199 4267.87207
34.6598844 4268.20166
34.6838656 4267.11328
34.7080837 4265.7124
34.7326101 4265.84326
34.7795572 4267.51172
34.8037186 4268.54639
34.806474 4268.51953
34.8519932 4267.72656
34.8543729 4266.84131
34.8779887 4266.3125
34.9020002 4265.68066
34.9266377 4265.10156
34.9505835 4264.94824
34.997594 4265.28174
35.0001283 4265.34033
35.0233969 4264.66211
35.0702914 4263.96143
35.0726511 4264.20557
35.0958483 4265.51514
35.1199916 4266.99756
35.144511 4267.56641
35.1684325 4267.00146
35.2153512 4266.5083
35.2394694 4266.55469
35.2639327 4266.61328
35.2663578 4266.74023
35.2903895 4267.05957
35.3137163 4267.93994
35.3377937 4268.54053
35.3621267 4267.5835
35.3860826 4266.16992
35.4334112 4265.80225
35.4573621 4266.75342
35.4596898 4267.96631
35.5059291 4268.24072
35.5080258 4267.7251
35.5313435 4267.1167
35.556029 4266.65479
35.5803747 4266.56934
35.6044612 4266.91455
35.6512355 4267.12598
35.6537704 4267.47998
35.6767375 4267.48926
35.7239987 4266.25586
35.7263338 4265.06543
35.7495059 4264.61719
35.7735013 4264.88037
35.7981016 4265.75781
35.8224472 4266.18311
35.8691448 4265.8125
35.8719287 4265.66748
35.8952617 4266.17627
35.9421585 4266.62256
35.944717 4266.75635
35.9677899 4267.04248
35.9918878 4267.58789
36.0157879 4267.56592
36.0403386 4266.73291
36.0649961 4266.25879
36.0888587 4266.61328
36.1128385 4267.32715
36.1600639 4267.8916
36.162895400000004 4267.73877
36.186057 4267.18359
36.210342 4266.99219
36.2345504 4267.2998
36.258461600000004 4267.25537
36.3056741 4266.83496
36.3087037 4266.96143
36.3314296 4267.10449
36.37833 4266.42285
36.4025571 4265.25342
36.4053955 4264.52393
36.4282958 4264.61426
36.4524459 4265.52588
36.4819372 4266.57666
36.5234119 4266.32227
36.5473065 4265.36768
36.5493707 4265.33496
36.5958588 4265.9541
36.5982981 4266.46777
36.6218448 4266.74951
36.6458276 4266.77441
36.6702996 4266.6333
36.6944744 4266.39551
36.7410703 4266.06104
36.7655319 4265.86572
36.7899364 4266.17188
36.792207 4266.90186
36.8153059 4267.32422
36.8394428 4266.60303
36.8637791 4265.79785
36.8907879 4266.17725
36.9122034 4267.12695
36.9600212 4267.68848
36.9843205 4267.80078
37.0316765 4267.66699
37.0338146 4266.96436
37.0574934 4266.17871
37.081443 4265.4624
37.1060116 4265.35498
37.1299513 4266.00537
37.1770285 4266.58838
37.179232 4266.12598
37.2029331 4264.81738
37.2501985 4264.30664
37.2524252 4265.16748
37.2760767 4266.42822
37.3001299 4267.18262
37.3241389 4267.18994
37.348732 4266.80371
37.3957257 4266.64697
37.3979473 4266.66553
37.4215142 4266.48779
37.4685848 4266.81592
37.4710797 4267.62207
37.4940306 4268.01758
37.5181898 4267.60107
37.5423779 4266.42676
37.5662397 4266.21338
37.591468400000004 4267.38135
37.6154357 4268.57129
37.639440900000004 4268.99365
37.6862469 4268.31982
37.6892665 4267.33203
37.7118218 4266.68359
37.7361391 4266.11426
37.7603752 4265.65576
37.7848639 4265.68506
37.8316822 4265.9209
37.8562603 4265.67773
37.8801371 4264.97852
37.9045035 4264.10156
37.9068202 4263.84717
37.9299409 4264.89795
37.9539489 4265.98291
37.9786009 4266.4707
38.0024552 4266.62988
38.0497726 4266.34082
38.0737834 4266.1499
38.076123100000004 4265.94336
38.12216 4265.65527
38.1460544 4265.99561
38.148429900000004 4267.23291
38.1719731 4268.23486
38.1960907 4267.57324
38.2201125 4266.10547
38.2669656 4265.63281
38.2693104 4266.72656
38.2925075 4268.23584
38.3395824 4269.08545
38.3420251 4269.1167
38.3653961 4268.1543
38.3895134 4267.04883
38.4137887 4266.43018
38.4382188 4266.11523
38.4847273 4266.44629
38.4868831 4267.05957
38.5106714 4266.78516
38.5579149 4265.60547
38.5602457 4264.89258
38.5832104 4265.1543
38.6078006 4265.86621
38.6545848 4266.81152
38.678734 4267.30371
38.702876 4267.00684
38.726804200000004 4266.55664
38.7514051 4266.70898
38.7539672 4267.01318
38.7768628 4266.92139
38.8013169 4267.31885
38.8252355 4267.9082
38.849810500000004 4268.00098
38.8740383 4267.52441
38.9207088 4266.75977
38.9450823 4266.50537
38.9473703 4267.09082
38.993422100000004 4267.97754
38.9958475 4268.21094
39.0190805 4268.00391
39.0430395 4267.99268
39.0670358 4268.03857
39.0915662 4267.58496
39.1161659 4266.83936
39.140213100000004 4267.00781
39.1641298 4267.63965
39.2113983 4267.30811
39.2136347 4266.13184
39.2368547 4265.14063
39.260857 4265.41943
39.2854138 4266.51465
39.3095194 4267.06494
39.356780900000004 4266.81006
39.3592947 4266.16553
39.3821584 4265.89941
39.4291917 4266.37744
39.4314387 4266.86523
39.4556175 4267.01172
39.4787527 4267.32764
39.5030333 4267.27246
39.5271852 4266.65869
39.574130600000004 4266.35986
39.5983893 4266.53076
39.60063 4267.1958
39.6466751 4267.69336
39.6708755 4267.20459
39.694735 4266.229
39.7191792 4265.98291
39.7214818 4266.86572
39.7448093 4267.58105
39.7917881 4267.58984
39.7941464 4267.45117
39.8172295 4267.28662
39.8642169 4266.82959
39.8666647 4266.01367
39.8897712 4265.48682
39.9138774 4265.49414
39.9378131 4265.92188
39.9623984 4266.25928
40.009416800000004 4265.74268
40.0335976 4264.82861
40.036562 4264.83789
40.081875600000004 4265.87012
40.084706 4266.53076
40.1076559 4266.67578
40.1318632 4267.07617
40.1558446 4267.53809
40.180125600000004 4267.74365
40.2267187 4267.22461
40.228977300000004 4266.35986
40.252598 4266.45654
40.2993919 4267.48242
40.323432600000004 4268.28174
40.3479731 4267.79297
40.3720022 4266.50977
40.3965307 4266.17725
40.3988407 4266.77832
40.4450571 4267.0874
40.4474668 4267.40039
40.4709845 4267.96631
40.5172515 4267.9707
40.519646 4267.20117
40.5432876 4266.02002
40.5671519 4265.2417
40.5916628 4265.72656
40.6158474 4266.83594
40.6623921 4267.16992
40.6647655 4266.43604
40.6884799 4265.48975
40.7352484 4265.31641
40.7378369 4265.73389
40.7609586 4266.24072
40.7849901 4266.95703
40.8088816 4267.68164
40.833264 4267.80518
40.8803513 4267.19775
40.9047134 4266.68945
40.9288701 4266.94531
40.9529419 4267.79932
40.955767200000004 4268.45654
40.9786812 4268.02295
41.0027921 4267.00439
41.0272947 4266.59619
41.0512854 4266.82178
41.0983213 4267.22363
41.1011179 4267.56494
41.1244137 4267.75586
41.1710974 4267.75342
41.173921 4267.63428
41.1968448 4267.40088
41.2210233 4266.8916
41.244868600000004 4266.54492
41.2694134 4267.09766
41.2939742 4267.8374
41.3180571 4267.19238
41.3422127 4265.9502
41.3892371 4265.40234
41.4132371 4265.54834
41.4372709 4266.17432
41.4396805 4266.49463
41.4631556 4266.62109
41.487386 4267.02246
41.5341477 4267.22461
41.5367605 4267.17822
41.5600211 4267.05566
41.6070752 4267.21436
41.6098084 4268.03271
41.6326175 4268.71094
41.657096100000004 4268.30664
41.6812425 4267.18506
41.7055168 4266.4502
41.7521021 4266.7085
41.7546631 4267.40674
41.7776987 4267.76025
41.824938 4267.83594
41.8272709 4267.75049
41.850431300000004 4267.65234
41.8747274 4267.58643
41.9213555 4267.37744
41.9242043 4267.35938
41.9700377 4267.64209
41.9727155 4267.60498
42.0183653 4266.70313
42.0218145 4265.63672
42.0442972 4265.33057
42.0685085 4265.32813
42.0925206 4265.59229
42.1164839 4265.93066
42.1408979 4265.66602
42.1882028 4265.33008
42.2133429 4265.50537
42.2606344 4266.71533
42.2636955 4266.96533
42.2868449 4268.02686
42.3106806 4269.10303
42.3352354 4268.71387
42.3592008 4267.05078
42.4063856 4266.19678
42.4094943 4266.73926
42.432098 4267.57129
42.4790468 4267.86084
42.5031662 4267.33252
42.505857 4266.63037
42.529043800000004 4266.51563
42.5534895 4267.28467
42.5772634 4268.03711
42.6240798 4267.90723
42.6482705 4267.63086
42.6513615 4267.3125
42.696486900000004 4266.646
42.6988472 4266.09424
42.7223733 4265.84863
42.746452500000004 4265.7749
42.7709678 4265.89648
42.7952304 4266.2666
42.8420056 4266.09912
42.8446734 4265.23438
42.8674193 4264.83691
42.8920159 4265.29395
42.9160221 4265.88086
42.9400216 4266.11572
42.9644526 4266.75391
42.9883648 4267.55615
43.012872200000004 4267.48584
43.0598948 4266.78613
43.0841839 4265.92871
43.0874862 4265.83643
43.1327991 4266.69043
43.156800600000004 4267.66113
43.1808538 4267.72168
43.1835792 4266.8291
43.20675 4266.30518
43.2308564 4266.72656
43.2779193 4267.72607
43.2805847 4268.11084
43.3034957 4267.68213
43.350608 4267.21729
43.3533777 4266.81592
43.3762561 4266.5625
43.4007599 4266.37012
43.4245804 4266.26172
43.4490732 4266.79688
43.4959348 4267.09814
43.5200049 4266.28906
43.5228177 4265.54834
43.568822 4265.17432
43.5939022 4265.08105
43.6183723 4266.96338
43.6425847 4266.78125
43.6665352 4266.52588
43.713747500000004 4266.65527
43.7379893 4266.72217
43.741074 4266.41504
43.7885358 4266.4668
43.8118386 4268.08594
43.836020500000004 4267.75244
43.8599431 4266.88867
43.8844853 4266.50732
43.9314845 4266.87842
43.9336494 4267.74609
43.9571076 4268.68262
44.003958 4268.79883
44.0062843 4268.10303
44.0295428 4267.24219
44.0539535 4266.75879
44.0779549 4266.92432
44.101908800000004 4267.15625
44.149536 4267.49561
44.151867 4267.65381
44.1749257 4266.81787
44.2221465 4265.52197
44.2248294 4264.78564
44.2476135 4265.21924
44.2722884 4266.4917
44.2962696 4267.49121
44.3213882 4267.28174
44.3454319 4266.37695
44.3694643 4266.50342
44.3933823 4267.47754
44.4405009 4267.96387
44.4430498 4267.9126
44.4662655 4267.7417
44.4903044 4267.43799
44.5149017 4267.10449
44.5390282 4266.76025
44.5859704 4266.2915
44.6101634 4266.06738
44.6132962 4266.48682
44.6585459 4267.47998
44.6827733 4268.104
44.6856961 4267.64404
44.7084495 4266.63281
44.732449100000004 4266.34619
44.7570503 4267.05713
44.7816961 4267.42773
44.8058407 4267.21143
44.8297087 4266.92676
44.8763405 4266.64355
44.878908700000004 4266.5957
44.9026226 4266.2749
44.9267412 4265.87549
44.9508868 4266.4834
44.9752535 4267.4043
45.0218847 4267.13232
45.0459929 4265.97412
45.0488252 4265.46729
45.0944029 4266.4248
45.0971952 4268.07227
45.120134900000004 4268.90186
45.1440844 4268.64502
45.1680666 4267.96533
45.1926088 4267.3291
45.2394106 4267.24902
45.2421825 4267.41797
45.2650839 4267.40527
45.3117543 4267.71289
45.314376700000004 4267.94287
45.3379177 4267.27881
45.3618572 4266.69043
45.3870157 4267.1792
45.4101841 4268.08301
45.4573141 4268.85205
45.4597024 4268.93164
45.482736 4267.93799
45.5076918 4266.73291
45.5315837 4266.07324
45.5553923 4266.37012
45.5797988 4266.78369
45.6037974 4266.36865
45.6283333 4266.4585
45.6755767 4266.71826
45.6994439 4266.04248
45.7021353 4265.61426
45.7480725 4265.78467
45.7506551 4266.13428
45.7740024 4266.81689
45.7979758 4267.66748
45.8224848 4267.60303
45.8465305 4266.44922
45.8935005 4265.71338
45.8960471 4265.97217
45.919525 4266.35986
45.9440949 4266.60498
45.96828 4267.12793
45.9920864 4267.35254
46.0164471 4267.04932
46.0408052 4266.69043
46.0647723 4266.37305
46.0892988 4266.7168
46.1132861 4267.92041
46.1378034 4268.75781
46.1843717 4267.93896
46.1868328 4266.16992
46.2102928 4264.93066
46.234485 4265.0459
46.2586433 4266.19141
46.2826005 4266.51807
46.3297018 4265.89697
46.3327958 4265.38086
46.3555521 4265.05664
46.4028628 4265.23438
46.4277868 4265.72363
46.4524639 4267.30713
46.4767442 4268.42041
46.5007987 4268.52246
46.5253669 4267.73926
46.5493604 4266.96045
46.5733863 4266.69287
46.6203504 4267.11182
46.622832700000004 4267.72217
46.6464269 4267.6123
46.670349 4267.02686
46.695074 4266.646
46.7189756 4266.5
46.7661203 4266.31934
46.7689706 4266.30322
46.7920795 4266.97803
46.838944 4268.07813
46.8631631 4268.21191
46.8656433 4267.10742
46.8886612 4266.01514
46.9133702 4265.80225
46.9373998 4266.646
46.9842297 4267.59521
47.0082944 4267.66846
47.0107306 4266.93945
47.0568903 4266.23096
47.0810584 4266.4209
47.1053018 4266.79346
47.1084635 4266.91699
47.1310123 4267.31885
47.1549803 4267.50146
47.202069800000004 4267.36475
47.2046802 4267.15771
47.227569700000004 4267.07275
47.2746209 4267.28809
47.2772077 4267.75879
47.3003424 4268.12109
47.324517900000004 4267.51709
47.348528 4266.48975
47.3729832 4266.11816
47.419944 4266.17041
47.422509500000004 4266.31641
47.4455611 4266.6001
47.4928698 4266.93359
47.5172142 4267.2627
47.541452 4267.53174
47.565678 4267.47021
47.5688681 4266.98438
47.5914799 4266.69629
47.638319 4267.42773
47.6624924 4268.27197
47.6655972 4267.37695
47.7109301 4265.85791
47.7350796 4265.25879
47.7383955 4265.33789
47.7609458 4265.67236
47.7860499 4265.58594
47.8092895 4265.50244
47.8560584 4265.66846
47.8584694 4265.89648
47.8814847 4266.37402
47.9289631 4266.59521
47.9531464 4266.90967
47.956126 4267.71533
47.9789592 4268.33838
48.0029749 4268.15527
48.0271818 4267.26416
48.0742483 4266.79346
48.0985209 4266.98926
48.122712 4267.5127
48.1468212 4268.02783
48.1499101 4267.99902
48.1727254 4267.53467
48.1967576 4267.58105
48.220962 4268.14795
48.2449886 4267.81543
48.2918054 4267.18652
48.2943798 4267.43164
48.3171425 4268.00146
48.3646751 4267.6875
48.3669702 4266.24707
48.3900855 4265.33789
48.4144382 4265.83789
48.4383655 4266.69531
48.4623966 4266.60742
48.509681900000004 4265.72852
48.5120602 4264.95996
48.535111 4264.79785
48.5820455 4265.5752
48.5846372 4266.29736
48.6078842 4266.73877
48.6320189 4267.7666
48.6561988 4268.16309
48.6803038 4267.26855
48.7050036 4266.18994
48.729004 4266.06982
48.7529664 4266.86523
48.7999535 4267.31641
48.803182 4267.03857
48.8256736 4266.34375
48.8499027 4265.88232
48.873982500000004 4265.9585
48.8982429 4266.38037
48.9449138 4266.99463
48.947508 4267.53564
48.9708268 4268.1748
49.017997 4268.33936
49.0419618 4267.52002
49.0447257 4266.39111
49.0679652 4265.75732
49.092183 4266.19238
49.1161289 4267.33301
49.1408569 4267.76855
49.1648876 4266.63672
49.1887552 4265.30957
49.2356658 4265.13232
49.2602135 4265.95557
49.2626462 4266.8291
49.2858639 4266.96338
49.309929600000004 4266.95996
49.3347041 4267.05029
49.3807445 4267.21826
49.3830364 4267.31152
49.4066693 4266.86133
49.4538295 4266.9165
49.4561018 4267.90186
49.4792335 4268.41553
49.503811 4267.52734
49.5277824 4266.16162
49.552224 4265.97266
49.5768027 4266.54492
49.6008666 4267.20703
49.6247145 4268.00537
49.6717405 4268.34668
49.6740456 4268.30664
49.6977252 4267.67041
49.721872 4266.8291
49.7458236 4266.62646
49.7699816 4266.87158
49.8174485 4267.46484
49.8199765 4267.82178
49.843023 4267.15918
49.8676952 4265.75342
49.8916551 4265.22119
49.9158612 4265.74609
49.9398672 4266.14111
49.9638389 4266.08447
49.9883669 4265.73242
50.0352117 4265.54639
50.0377022 4265.48877
50.0609175 4265.85986
50.1075597 4266.31201
50.1320556 4266.28857
50.1347108 4266.54834
50.1577364 4266.77441
50.1817457 4266.20654
50.205986700000004 4265.25488
50.253098200000004 4265.09863
50.2554169 4265.8042
50.2786427 4266.67334
50.3031536 4267.5
50.3272129 4267.51953
50.351643 4267.05029
50.3756232 4266.86475
50.3996769 4266.58691
50.4243313 4266.18604
50.4713334 4265.96924
50.4737472 4266.37305
50.4968535 4266.89746
50.5443017 4266.60498
50.5467445 4265.74316
50.5697442 4265.14502
50.5937284 4265.48779
50.6182237 4266.60498
50.6423788 4267.53662
50.6893551 4267.43799
50.6916757 4266.58643
50.7152938 4266.104
50.7621347 4266.44922
50.7643618 4267.02051
50.7877804 4267.21436
50.8119156 4267.24121
50.8359358 4267.05762
50.8604058 4266.29932
50.9072107 4265.70361
50.9096097 4265.73584
50.9328312 4266.33643
50.9799969 4267.42578
50.982406 4267.92969
51.0054478 4267.23877
51.029735 4266.58643
51.053631700000004 4267.05273
51.0776659 4267.6377
51.1251539 4267.64746
51.127581 4267.30176
51.1506675 4266.60986
51.197363 4266.18652
51.1995615 4266.19971
51.2228504 4266.3374
51.2473101 4266.53271
51.2714519 4267.02393
51.2954702 4267.71191
51.3424093 4267.52197
51.3671915 4266.56641
51.391164 4266.104
51.3936002 4266.42529
51.4169304 4267.03418
51.4408383 4267.62598
51.464811 4267.98242
51.4893501 4268.05908
51.513649 4267.72852
51.5602255 4266.89746
51.5625719 4266.1084
51.5861464 4265.85693
51.6338833 4266.50391
51.6585032 4267.37939
51.6832495 4267.0835
51.7076566 4265.42334
51.7319175 4265.74268
51.7788591 4266.9668
51.8030912 4267.94092
51.8269781 4268.07422
51.8511808 4267.61035
51.8753223 4267.00342
51.8777608 4266.47705
51.9011848 4266.04736
51.925159 4266.2832
51.9495515 4266.79883
51.9962004 4267.09375
51.9983999 4266.54834
52.0217031 4264.97217
52.046259 4264.3374
52.0703413 4265.38818
52.0942763 4266.39404
52.1187301 4266.74756
52.1427451 4266.99268
52.1673038 4266.85889
52.2141318 4266.90527
52.2383321 4267.20752
52.2414565 4267.10645
52.2870683 4267.16992
52.3111576 4267.6875
52.3353704 4268.18945
52.3383837 4267.77246
52.3611515 4266.71143
52.3855389 4266.23828
52.432309000000004 4266.63818
52.4565746 4267.5127
52.4807536 4268.27588
52.5048132 4268.49756
52.5287716 4267.94141
52.5314851 4267.34619
52.5547768 4267.45557
52.5787555 4267.23389
52.6031373 4266.87842
52.6499936 4267.27881
52.6740979 4267.35059
52.6766144 4266.55908
52.7228501 4265.14551
52.72575 4263.99951
52.7485589 4264.14648
52.7726951 4265.23975
52.7972902 4266.2373
52.8212009 4266.24609
52.8680052 4265.72168
52.892107 4265.65674
52.9162474 4266.10742
52.9187721 4266.25049
52.9420541 4266.27344
52.9661581 4267.27539
52.990859300000004 4267.95703
53.0152235 4267.26855
53.0393469 4266.23389
53.064003 4265.8208
53.0879097 4266.70557
53.1119508 4267.82178
53.1590604 4268.03613
53.183332300000004 4267.79834
53.2075152 4267.7041
53.2318506 4267.6626
53.2559124 4267.51074
53.2585087 4267.33545
53.3042438 4267.12598
53.3073798 4267.11719
53.3302415 4267.16162
53.3548002 4267.2002
53.3788061 4266.8623
53.4031539 4265.8877
53.4271269 4265.38965
53.4514227 4265.97217
53.4753651 4266.77734
53.5225627 4266.52002
53.5467904 4265.53564
53.57098 4265.55566
53.5741188 4266.63818
53.5968327 4267.56152
53.620914400000004 4267.87646
53.6451228 4267.71582
53.669108800000004 4267.26855
53.6934262 4266.90674
53.7400277 4266.50635
53.743116 4266.04492
53.766095 4266.21045
53.8128552 4266.69189
53.8368533 4266.94971
53.8391785 4266.52393
53.8624029 4265.68848
53.8865372 4266.23584
53.9110635 4267.67334
53.9578342 4268.32813
53.9819765 4268.19824
53.985419300000004 4267.57959
54.030537700000004 4266.80322
54.0338651 4265.75098
54.0563728 4264.75293
54.0803846 4264.50195
54.10519 4264.9209
54.1291268 4265.70459
54.1759731 4266.17529
54.1999869 4265.74414
54.2023178 4264.78516
54.2483166 4264.97314
54.2505873 4266.3667
54.273951600000004 4267.32373
54.2979516 4267.69141
54.3220556 4267.55859
54.3467718 4267.29541
54.3934451 4267.33838
54.3957048 4267.22412
54.419067 4266.94531
54.4657041 4267.11523
54.4679733 4267.67529
54.4916852 4267.5
54.5159936 4266.67432
54.5399545 4266.2373
54.5639629 4266.67529
54.6114064 4268.02637
54.6354495 4268.95947
54.638207200000004 4268.65918
54.6839502 4267.86523
54.6866719 4267.33594
54.7094671 4267.42529
54.7338645 4267.25098
54.7580473 4266.56982
54.782453600000004 4266.53564
54.8294033 4266.90381
54.8319518 4266.63379
54.8548155 4265.91748
54.9019533 4265.48975
54.9044242 4265.64209
54.9279064 4266.45947
54.9518651 4267.42285
54.976448500000004 4267.61475
55.0006341 4266.88232
55.0478296 4266.07617
55.0719949 4266.0874
55.0751095 4266.53467
55.1203835 4266.63379
55.1448157 4266.646
55.1689674 4267.05713
55.1931862 4267.13379
55.2174727 4266.43164
55.241712 4265.74268
55.2444058 4265.52539
55.2673394 4266.53223
55.2913314 4268.34033
55.3385399 4268.854
55.3411772 4267.81152
55.3640449 4266.646
55.3880245 4266.43164
55.412696000000004 4266.76318
55.4368401 4266.81055
55.4833893 4266.68115
55.4858956 4266.52734
55.5093428 4266.21973
55.5563325 4265.81445
55.558869200000004 4265.37451
55.5818362 4265.51025
55.6062667 4266.69434
55.630492000000004 4267.7002
55.6546799 4267.79346
55.701679 4267.56641
55.7042655 4267.34424
55.727487 4267.63721
55.774298 4268.33057
55.7767643 4268.42432
55.7998605 4268.02295
55.8237906 4267.56543
55.8485403 4267.43164
55.8723726 4267.54736
55.9190022 4267.33545
55.9213469 4267.08594
55.9449307 4267.1748
55.9698655 4267.94385
55.9938262 4268.82666
56.0178201 4268.6084
56.0422609 4267.69775
56.0663659 4267.16553
56.0906523 4267.28906
56.1164381 4267.61621
56.1616864 4267.65625
56.1647461 4267.27148
56.2102572 4266.80371
56.2133637 4266.39111
56.2364193 4265.89355
56.2608159 4265.37109
56.2848231 4264.93799
56.3089041 4265.45996
56.3556137 4266.2417
56.3587995 4266.33789
56.3818095 4266.27002
56.4286389 4266.125
56.4528058 4266.75928
56.4558248 4268.07373
56.4786134 4268.38477
56.5025417 4267.2915
56.5270746 4266.30225
56.5740543 4266.38184
56.5986381 4266.65137
56.622816 4266.61182
56.6258651 4266.52148
56.6487999 4266.52393
56.672447 4266.67432
56.696827400000004 4267.12402
56.7208423 4267.729
56.7447821 4267.84424
56.7921912 4268.10742
56.8163792 4268.75488
56.819440300000004 4268.64893
56.8651345 4267.60205
56.8898752 4266.31543
56.914933 4266.6001
56.938683 4267.03076
56.9631491 4267.21484
57.0099326 4267.00879
57.0124212 4266.63428
57.035542 4266.51123
57.0826336 4266.68408
57.0855751 4267.03516
57.1084106 4267.74316
57.1327608 4268.37939
57.1566398 4268.23242
57.1808089 4267.36279
57.2278835 4266.33203
57.2519555 4266.2666
57.2759479 4266.979
57.278764 4267.46289
57.3019887 4267.58252
57.3264395 4267.25928
57.350337 4266.59375
57.374738099999995 4266.19482
57.39873360000001 4266.66113
57.445838200000004 4267.54883
57.4698457 4268.42383
57.472670099999995 4269.47754
57.518393800000005 4269.84717
57.521004600000005 4268.79443
57.5442693 4267.20557
57.5684549 4266.30664
57.5929736 4266.56201
57.6169284 4267.08057
57.6640042 4266.98047
57.6672113 4266.36621
57.690053 4265.87744
57.7370199 4266.02344
57.761216999999995 4266.35303
57.7855272 4266.52539
57.7885721 4267.07129
57.811237999999996 4268.20996
57.835051 4268.55371
57.8820976 4267.73242
57.90621530000001 4266.77979
57.930348 4266.43311
57.954686 4267.25391
57.978972199999994 4268.31494
57.9822242 4268.49951
58.0048191 4267.56396
58.02882949999999 4266.37354
58.052820399999995 4266.20166
58.099967 4266.71289
58.1030424 4267.33691
58.1258118 4268.24854
58.1729078 4269.03516
58.197107800000005 4268.82959
58.221677899999996 4268.05322
58.245966700000004 4267.37158
58.2702025 4266.68018
58.294461899999995 4266.47461
58.318641199999995 4267.28125
58.342895500000004 4267.98047
58.3672288 4266.85596
58.39143670000001 4264.85303
58.3944998 4264.30078
58.4171517 4264.94092
58.441225499999994 4265.37207
58.465846199999994 4265.46387
58.4900884 4265.89258
58.536984800000006 4266.70654
58.561213099999996 4267.05664
58.585510899999996 4266.7168
58.609670799999996 4266.3501
58.612699 4266.70752
58.635495600000006 4267.35889
58.659635400000006 4267.75977
58.683808000000006 4267.53076
58.7080453 4266.39941
58.754781599999994 4265.58154
58.7576412 4265.80615
58.7803946 4266.91064
58.82702630000001 4268.01953
58.8295735 4268.30908
58.853084900000006 4268.15967
58.8771461 4267.96436
58.901776500000004 4267.73926
58.925798500000006 4267.47705
58.9729486 4267.40039
58.99712280000001 4267.51611
59.021571900000005 4267.70215
59.045808400000006 4267.80322
59.0700175 4267.20703
59.0941372 4266.41455
59.118260299999996 4266.42773
59.1213493 4267.01367
59.1440782 4267.5
59.168662000000005 4267.08545
59.192826399999994 4266.37549
59.21665840000001 4266.76074
59.2644802 4267.66748
59.2894501 4267.40918
59.313502500000006 4267.34912
59.3379988 4267.63037
59.3620716 4267.67285
59.408924500000005 4267.13525
59.433013499999994 4266.53174
59.4356637 4266.12842
59.481501099999996 4266.36426
59.484304 4267.28174
59.5297375 4267.37744
59.5536823 4266.72998
59.578189099999996 4266.81201
59.58070730000001 4267.5835
59.626620300000006 4267.92773
59.650930499999994 4267.79736
59.6541473 4267.76318
59.699707800000006 4267.48242
59.7237663 4266.68506
59.726193599999995 4265.82617
59.749453100000004 4265.31934
59.7738086 4265.4668
59.797923399999995 4266.14307
59.844574099999996 4266.94531
59.8468466 4266.91943
59.8700998 4265.85352
59.894731900000004 4265.5459
59.918739800000004 4266.6167
59.9428739 4267.67871
59.9669469 4267.97363
59.991231000000006 4267.70557
60.0153513 4267.02734
