5e-09 -9.47722119963542e-05
1e-08 -0.00019042978797395832
1.5000000000000002e-08 -0.00028649202654687517
2e-08 -0.00038323395560416646
2.5e-08 -0.00047977707390625
3e-08 -0.0005762692899468088
3.5e-08 -0.0006726728054345549
4e-08 -0.0007686180542500002
4.5e-08 -0.0008650871635208331
5e-08 -0.000960516661817708
5.4999999999999996e-08 -0.0010559237365625003
6.000000000000001e-08 -0.0011508232866492142
6.500000000000001e-08 -0.0012449433276595732
7e-08 -0.0013403802043979052
7.500000000000001e-08 -0.0014349834751041662
8e-08 -0.0015284438945549728
8.500000000000001e-08 -0.0016215463027894736
9.000000000000001e-08 -0.001713804483874345
9.5e-08 -0.001806373407578948
1.0000000000000001e-07 -0.0018977595788541675
1.05e-07 -0.0019900491510416642
1.1e-07 -0.0020798387730569957
1.1500000000000001e-07 -0.002169341730677083
1.2e-07 -0.002257627851675393
1.2500000000000002e-07 -0.0023459577620312463
1.3e-07 -0.0024360112522916664
1.35e-07 -0.002523294108333335
1.4e-07 -0.002608974161884819
1.4500000000000001e-07 -0.0026960686516230366
1.5000000000000002e-07 -0.002782006921256545
1.55e-07 -0.0028656484276315796
1.6e-07 -0.002949755956719577
1.65e-07 -0.003032216736223403
1.7000000000000001e-07 -0.0031164759118229163
1.7500000000000002e-07 -0.0031987135493684237
1.8e-07 -0.00328071469041885
